56
----
00
00
600
100
----
00
100
100
600
----
100
500
600
600
----
600
00
700
400
----
600
500
700
1000
----
700
300
1700
400
----
1700
300
1800
600
----
600
1000
900
1100
----
1000
1000
1700
1100
----
1700
700
1800
1100
----
1800
500
2100
600
----
1700
1100
1800
1400
----
2000
1400
2200
1500
----
800
1100
900
1200
----
1000
1100
1100
1200
----
600
1200
900
1300
----
1000
1200
1300
1300
----
600
1300
700
2000
----
1300
1200
1400
1600
----
700
1900
1900
2000
----
2200
1100
3200
1200
----
3300
1400
3400
1500
----
3300
500
3700
600
----
3600
700
3700
1400
----
4000
1300
4100
1500
----
4000
1200
4400
1300
----
3700
900
4500
900
----
3700
1000
4400
1100
----
3600
400
3700
500
----
3500
1900
4800
2000
----
1900
2200
3500
2300
----
1900
1800
2000
2200
----
3400
1800
3500
2200
----
3500
1400
3700
1600
----
3700
1500
4100
1600
----
1700
1400
1900
1600
----
1400
1500
1700
1500
----
1400
1500
1700
1600
----
2100
900
2200
1400
----
2100
500
2200
800
----
3200
500
3300
800
----
3200
900
3300
1500
----
2200
900
3200
1000
----
2500
700
2900
900
----
2200
500
3200
600
----
4700
1300
4800
1900
----
4300
1100
4400
1200
----
4500
1000
4600
1300
----
4600
1200
4800
1300
----
4700
500
4800
1000
----
4600
1000
4800
1100
----
3600
300
4800
400
----
4700
00
4800
300
----
4800
00
5300
100
----
5300
00
5400
600
----
4800
500
5300
600
